46
32
46
32
46
95
46
32
46
32
46
32
32
32
32
32
32
32
32
32
32
32
46
95
46
95
46
32
46
32
46
32
46
32
32
32
32
32
32
32
32
32
32
32
46
32
46
32
46
32
46
32
46
32
46
32
32
32
32
32
32
32
32
32
32
32
46
32
46
32
46
32
46
32
46
32
46
32
32
32
32
32
32
32
32
32
32
32
46
95
46
32
46
32
46
32
46
32
46
32
32
32
32
32
32
32
32
32
32
32
46
32
46
32
46
32
46
32
46
32
46
0
 0
 4
 1
 0
 8
 1
 quoquo
 Mimi
