46
95
46
95
46
95
46
32
46
32
46
124
65
124
32
32
32
32
32
32
32
32
46
95
46
95
46
32
46
32
46
32
46
32
32
32
32
32
32
32
32
32
32
32
46
32
46
32
46
32
46
32
46
32
46
32
32
32
32
32
32
32
32
32
32
32
46
32
46
32
46
32
46
32
46
32
46
32
32
32
32
32
32
32
32
32
32
32
46
32
46
32
46
32
46
32
46
32
46
32
32
32
32
32
32
32
32
32
32
32
46
32
46
32
46
32
46
32
46
32
46
1
 0
 7
 0
 0
 0
 5
 mohamed
 CPU
