0
 0
 4
 0
 0
 0
 3
 mohamed
 CPU
 1
 2
46
95
46
95
46
32
46
32
46
32
46
124
32
124
32
32
32
32
32
32
32
32
46
32
46
32
46
32
46
32
46
32
46
32
32
32
32
32
32
32
32
32
32
32
46
32
46
32
46
32
46
32
46
32
46
32
32
32
32
32
32
32
32
32
32
32
46
32
46
32
46
32
46
32
46
32
46
32
32
32
32
32
32
32
32
32
32
32
46
32
46
32
46
32
46
32
46
32
46
32
32
32
32
32
32
32
32
32
32
32
46
32
46
32
46
32
46
32
46
32
46
